Shullcas_12_2/GIS/DEM.asc
north: 8687906.97790005
south: 8665781.10292
east: 496586.783346
west: 481318.820422
rows: 90
cols: 63
[rows 27 to 53 of 90, columns 0 to 58 of 63]
4352.484375 4407.703125 4424.8125 4435.96875 4464.46875 4507.9375 4490.640625 4448.0625 4424.515625 4431 4443.359375 4441.25 4448 4465 4499.4375 4535.390625 4545.03125 4560.1875 4590.84375 4641.296875 4638.15625 4621.578125 4632.484375 4630.09375 4651.828125 4718.203125 4719.890625 4691.703125 4652.203125 4644.984375 4624.296875 4561.265625 4514.9375 4470.6875 4393 4378 4534.28125 4689.40625 4681.96875 4620.625 4629.609375 4591.421875 4533.09375 4531.09375 4511.609375 4517.3125 4526.046875 4508 4543 4562 4675.015625 4846.8125 4941.796875 5057 5134.5 4967.4375 4910.59375 4853.859375 4769
4335.125 4376.21875 4393.296875 4419.90625 4447.875 4468.125 4434.796875 4409.59375 4391 4412 4410 4419 4428 4462.546875 4478.84375 4499.046875 4513.53125 4545.875 4568.375 4610.828125 4614.0625 4590.296875 4605.609375 4644.234375 4648.3125 4709.390625 4726.9375 4720.640625 4712.375 4698.03125 4620.71875 4566.484375 4500.5 4455.09375 4395.734375 4339 4513.171875 4690.5 4676.90625 4607.796875 4612.5625 4529.140625 4481 4470 4479 4486 4488 4501 4530.0625 4594.3125 4689.453125 4779.703125 4907.609375 5041.578125 5115.875 4950.828125 4853.578125 4757 4730
4314.375 4316.296875 4369.890625 4410.9375 4416.078125 4406.171875 4378.75 4360 4377 4402.515625 4433.421875 4457.546875 4483.75 4495.015625 4510.21875 4535.046875 4543.953125 4554.28125 4565.171875 4568.484375 4570.21875 4568.46875 4584.59375 4647.3125 4657.203125 4697.84375 4733 4742.875 4705.5625 4662.625 4605.953125 4518.3125 4469.0625 4436.359375 4381.125 4349 4491.84375 4661.4375 4680.5625 4588.578125 4557.359375 4468.125 4485 4525.96875 4559.3125 4560.03125 4552.71875 4556.8125 4595.625 4646.375 4705.78125 4775.09375 4895.453125 4984.984375 5079.8125 4954.453125 4861.171875 4818.796875 4755.484375
4258.140625 4297.328125 4361.21875 4390.609375 4365 4352 4330 4362.109375 4404.8125 4448.671875 4487.171875 4522.421875 4551.140625 4564.15625 4564.34375 4581.765625 4599.09375 4601.0625 4596.828125 4557.09375 4545.375 4541.625 4564.5625 4622.265625 4659.484375 4668.921875 4707.6875 4727.046875 4705.46875 4667.84375 4665.6875 4576.390625 4491.484375 4406.25 4351 4375 4482.796875 4630.296875 4624.8125 4556.09375 4491 4441 4495.21875 4563.0625 4627.65625 4638.9375 4634.828125 4653.4375 4710.96875 4744.5625 4746.140625 4785.71875 4902.609375 5008.671875 5038.515625 4954.421875 4905.9375 4845.96875 4758.015625
4235.671875 4299.4375 4342.953125 4333.046875 4304.84375 4290 4335 4391.296875 4441.375 4499 4550.890625 4573.140625 4592.3125 4617.703125 4629.328125 4630.5 4641.765625 4645.59375 4599.6875 4536.8125 4541.171875 4532.671875 4542.65625 4591.203125 4628.890625 4674.5625 4709.71875 4698.609375 4667.984375 4637.1875 4658.109375 4588.21875 4481.359375 4400.5625 4336 4385.34375 4415.546875 4438.71875 4464.546875 4503.203125 4420 4455 4529.203125 4587.734375 4644.96875 4679.484375 4691.859375 4723.875 4766.046875 4789.046875 4820.546875 4860.21875 4914.84375 5005.71875 4993.265625 5000.03125 4957.796875 4878.84375 4788.34375
4250.078125 4296.28125 4298.953125 4254 4258 4298 4354.9375 4419.828125 4463.4375 4501.15625 4527.90625 4537.375 4559.46875 4572.265625 4603.421875 4648.359375 4674.515625 4663.734375 4576.984375 4514.6875 4527.484375 4538.46875 4514 4572.484375 4599.9375 4638.109375 4684.75 4675.703125 4647.40625 4612.40625 4587.296875 4548.28125 4501.734375 4402.71875 4303 4352.890625 4323 4328 4346 4363 4387 4433.546875 4534.578125 4602.140625 4642.5 4672.328125 4693.359375 4704.8125 4712.015625 4738.359375 4732.984375 4760.421875 4812.578125 4851.0625 4848.34375 4921.3125 4930.9375 4857.1875 4764.4375
4255.46875 4272.625 4225 4250 4275.40625 4312.5625 4348.296875 4386.953125 4432.75 4468.46875 4505.921875 4522.640625 4538.828125 4546.78125 4551.625 4585.0625 4639.859375 4652.921875 4565.5 4493.265625 4479.125 4525 4535 4565.984375 4626.796875 4677.046875 4705.234375 4668.328125 4640.296875 4637 4649.890625 4667.46875 4624.5625 4469.8125 4289 4313 4346.90625 4427.609375 4441.703125 4409.984375 4425.359375 4491.15625 4571.234375 4600.21875 4638.8125 4674.8125 4692.375 4692.5 4666.796875 4679.515625 4682.828125 4680.296875 4687.71875 4710.109375 4741.640625 4798.390625 4867.203125 4803.828125 4740.640625
4221.234375 4210 4207 4264.34375 4304.0625 4344.515625 4378.265625 4413.34375 4453.953125 4477.125 4502.515625 4510.4375 4519.9375 4535.78125 4551.484375 4575.765625 4585.75 4611.390625 4538.890625 4463 4484 4525 4578.484375 4626.078125 4663.640625 4709.265625 4710 4696.546875 4677.4375 4704.765625 4733.40625 4725.609375 4619.78125 4520.1875 4343 4276 4321.78125 4377.84375 4457.203125 4505.234375 4506.671875 4559.28125 4578.640625 4607.265625 4647.671875 4682.1875 4705.65625 4672.25 4631.21875 4644.8125 4664.796875 4651.71875 4633.203125 4610.453125 4650.75 4693.953125 4769.578125 4799.484375 4832.765625
4158 4192.3125 4227.625 4281.171875 4320.109375 4353.921875 4388.875 4416.90625 4444.5 4465.8125 4473.125 4482.265625 4506.046875 4524.71875 4548.34375 4575.625 4581.78125 4562.78125 4480.078125 4421 4487 4553.09375 4596.296875 4648.40625 4678.78125 4636.640625 4637.953125 4650.609375 4678.1875 4715.453125 4761.484375 4731.1875 4664.375 4591.09375 4469.515625 4257 4256 4309.734375 4386.484375 4432.765625 4433.578125 4485.578125 4549.671875 4595.90625 4655.796875 4682.328125 4676.9375 4641.53125 4584.78125 4598.984375 4633.34375 4637.0625 4622.5 4582.1875 4582.09375 4596.15625 4633.140625 4693.3125 4859.625
4211.71875 4242.28125 4261.578125 4295 4329.078125 4358.046875 4380.5625 4399.046875 4423.609375 4427.109375 4441.40625 4469.390625 4498.375 4528.109375 4546.9375 4579.34375 4578.65625 4545.9375 4398 4378 4503.1875 4581.34375 4632.4375 4674.453125 4646.296875 4597.375 4603.25 4625.859375 4618.234375 4616.8125 4668.84375 4710.65625 4657.84375 4592.828125 4494.234375 4400.234375 4305.328125 4244 4307.421875 4339.546875 4415.390625 4504.953125 4564.765625 4601.453125 4639.5625 4625.875 4621.6875 4598 4534.796875 4564.203125 4595.140625 4621.40625 4600.359375 4560.21875 4544.25 4553.59375 4583.640625 4613.390625 4724.765625
4267.375 4287.46875 4300.796875 4311.171875 4326.96875 4332.859375 4344.859375 4353 4384.09375 4422.453125 4455.984375 4481.265625 4500.546875 4518.078125 4512.9375 4542.8125 4537.234375 4473.5 4358 4372 4518.765625 4597.4375 4611.421875 4664.921875 4605.0625 4573.90625 4581.421875 4606.890625 4596.609375 4607.625 4672.421875 4701.21875 4704.046875 4678.984375 4610.71875 4539.140625 4429.515625 4252 4239 4325.703125 4390.703125 4449.03125 4473.765625 4542.703125 4612.15625 4596.40625 4554.890625 4516.078125 4501.21875 4546.28125 4573.03125 4606.09375 4580.109375 4547.109375 4518.0625 4532.8125 4539.453125 4563.546875 4590.25
4288.015625 4273.25 4270.71875 4272.703125 4281 4280 4333 4360 4397.640625 4432.921875 4461.53125 4478.046875 4484.015625 4490.34375 4483.234375 4501.171875 4468.640625 4401.34375 4295 4424.296875 4536.578125 4529.546875 4566.078125 4650.734375 4598.9375 4542.28125 4554.4375 4575.796875 4570.484375 4627.46875 4685.609375 4657.390625 4667.71875 4699.328125 4709.15625 4628.765625 4471.828125 4337.484375 4192 4276 4330.0625 4356.75 4433.734375 4550.265625 4586.234375 4531.84375 4459 4454 4504.03125 4547.9375 4605.375 4603.953125 4556.171875 4518.9375 4496.84375 4512.25 4533.171875 4554.9375 4564.65625
4234.15625 4219.421875 4231 4237 4274.65625 4322.984375 4345.09375 4368.765625 4397.34375 4420.4375 4437.734375 4452.171875 4464.953125 4468.15625 4432.84375 4458.734375 4416.21875 4309 4298 4439.96875 4501.390625 4553.453125 4593.21875 4606.4375 4611.734375 4531.734375 4527.140625 4554.890625 4577.28125 4634.921875 4616.703125 4613.078125 4631.796875 4655.546875 4699.78125 4675.9375 4585.765625 4461.171875 4301 4183 4260.78125 4334.296875 4435.53125 4513.890625 4478.171875 4439 4434 4525.296875 4592.890625 4630.46875 4651.375 4610.453125 4541.59375 4494.765625 4478.171875 4496.09375 4518.046875 4548.640625 4556.28125
4193 4195 4226 4244.4375 4275.671875 4326.328125 4346.890625 4350.875 4370.328125 4392.265625 4402.59375 4423.96875 4448.78125 4435.8125 4368.703125 4351.828125 4335.53125 4221 4304.171875 4431.3125 4508.421875 4549.125 4538.328125 4557.5 4616.625 4547.578125 4507 4524.390625 4587.84375 4570.8125 4546.921875 4582.34375 4603.859375 4640.375 4655.03125 4648.828125 4653.921875 4560.421875 4406.40625 4207 4240 4295.5625 4401.5 4437.015625 4384 4372 4489.671875 4605.109375 4660.671875 4717.359375 4663.75 4593.5625 4520.21875 4464 4449 4471.015625 4488.40625 4523.8125 4573.828125
4163 4181 4206 4227 4245 4273 4325.03125 4345.859375 4354.09375 4372.4375 4397.484375 4422.8125 4446.609375 4415.140625 4346.03125 4292.3125 4248.09375 4188 4279.890625 4399.265625 4475.21875 4505.328125 4515.09375 4548.171875 4578.703125 4478 4478 4504.140625 4539.34375 4514.15625 4538.34375 4558.28125 4579.609375 4616.765625 4613.8125 4599.9375 4594.9375 4596.890625 4471.015625 4326.484375 4162 4280.296875 4374.28125 4374.25 4336 4406.46875 4481.296875 4545.5625 4626.203125 4715.421875 4655.375 4544.609375 4478.71875 4429.828125 4418 4451.9375 4474.859375 4523.796875 4597.1875
4160 4190.734375 4234.078125 4254.6875 4279.5 4323.71875 4367.203125 4380.390625 4374.71875 4383.703125 4407.484375 4437.015625 4465.03125 4400.765625 4323.375 4263.96875 4220.25 4158 4260 4344.828125 4451.453125 4454.390625 4494.9375 4507.25 4542.78125 4501.296875 4404 4433.46875 4475.859375 4502.796875 4506.59375 4548.484375 4601.6875 4560.90625 4565.515625 4592.21875 4550.21875 4526.21875 4512.0625 4395.71875 4150 4257.453125 4350.9375 4311 4322 4437.171875 4548.71875 4613.265625 4681.390625 4684.046875 4594.5625 4476.734375 4425.5 4413 4436 4457.453125 4491.40625 4535.484375 4593.890625
4188 4210 4256.078125 4285 4321.734375 4354.609375 4385.1875 4401.296875 4396.234375 4396.9375 4411.09375 4435.125 4445.46875 4412.84375 4352.328125 4294.453125 4232.34375 4151 4168 4292.15625 4368.984375 4409.34375 4455.59375 4477.53125 4537.1875 4465.484375 4325 4395.84375 4460.796875 4497.421875 4530.734375 4580.453125 4584.703125 4518.421875 4531.375 4621.046875 4598.921875 4486.234375 4377.953125 4319.03125 4203 4249 4330.1875 4277 4343 4456.0625 4560.984375 4632.234375 4591.875 4538.34375 4472.640625 4395.0625 4381 4410 4436.546875 4494.390625 4546.234375 4569.625 4598.046875
4212 4192 4254.484375 4296.328125 4328.671875 4357.578125 4382.09375 4402.625 4418.03125 4423.5 4403.71875 4400.484375 4419.953125 4399.46875 4334 4277.46875 4234.25 4184.046875 4121 4214 4273.0625 4337.28125 4379.109375 4473.0625 4491.34375 4399.1875 4288 4389 4481.9375 4538.953125 4573.328125 4544.40625 4554.15625 4466.5625 4496.09375 4568.484375 4556.46875 4539.078125 4391.140625 4273.0625 4147 4228 4287.265625 4259 4336.859375 4431.671875 4505.8125 4503.8125 4441.65625 4370 4342 4364 4408.921875 4410 4427 4492.921875 4537.9375 4566.3125 4621.171875
4236.015625 4190 4238.640625 4278.484375 4301.375 4332.546875 4360.828125 4384.109375 4411.5 4410.8125 4383.953125 4344.46875 4353.078125 4335.1875 4278.796875 4232.265625 4210.984375 4155.25 4099 4148.8125 4202.609375 4245.671875 4355.84375 4439.4375 4430.0625 4322.125 4248 4354.671875 4446.0625 4512.34375 4553.0625 4483.65625 4448.71875 4396.96875 4474.265625 4531.375 4459.71875 4428.609375 4306.546875 4187 4107 4199.40625 4226 4273 4355.453125 4337.125 4360.390625 4352.015625 4316 4325 4387.515625 4451.65625 4513.578125 4550.59375 4508.03125 4496.296875 4520.234375 4543.140625 4608.515625
4257.890625 4232.046875 4230 4265.125 4288.640625 4314.96875 4335.59375 4360.71875 4387.125 4399.078125 4365.09375 4292.859375 4271.984375 4273.546875 4255.375 4210.28125 4172.328125 4126.421875 4077 4112 4135.78125 4174.65625 4305.125 4368.375 4364.375 4242 4236 4305.4375 4401.625 4470.578125 4461.609375 4449.3125 4357.84375 4337.15625 4440.734375 4436.640625 4359.71875 4275.875 4191.640625 4087 4107 4132 4163 4190 4231 4240 4260 4279 4349.734375 4455.625 4537.1875 4611.21875 4626.046875 4633.421875 4572.53125 4559.390625 4539.875 4538.78125 4582.625
4266.265625 4254.09375 4242.234375 4247.890625 4274.171875 4301.234375 4324.703125 4345.71875 4370.015625 4382.375 4347.328125 4292.609375 4246.53125 4219.578125 4224.609375 4187.078125 4145.6875 4112.515625 4061 4059 4093.28125 4113.5 4206.90625 4272.703125 4287.625 4197 4212 4252.828125 4360.015625 4419.28125 4384.46875 4413.390625 4291.546875 4269.828125 4333.328125 4313.75 4248.640625 4104 4089 4137.59375 4212.546875 4238.609375 4282.65625 4272.8125 4258.25 4292.03125 4336.125 4395.515625 4478.1875 4595.453125 4669.40625 4728.4375 4716.015625 4693.8125 4633.6875 4589.578125 4582.140625 4576 4592.171875
4292.578125 4277.6875 4270.703125 4264.4375 4265.890625 4297.390625 4317.015625 4344 4358.671875 4348.390625 4311.75 4274.734375 4230.15625 4180.15625 4173.3125 4166.71875 4144.265625 4102.96875 4068.625 4019 4052.109375 4066.421875 4106.515625 4164.5625 4205.078125 4151.953125 4135 4168.734375 4277.609375 4316.359375 4299.515625 4343.984375 4241.8125 4149.140625 4160.921875 4128.34375 4108 4045 4152.703125 4251.40625 4354.9375 4406.78125 4438.3125 4402.46875 4366.25 4390.65625 4427.5625 4459.9375 4516.40625 4572.3125 4639.5625 4728.484375 4695.09375 4699.703125 4679.9375 4621.234375 4611.734375 4614.515625 4632.390625
4315.75 4312.265625 4309.8125 4304.796875 4293.171875 4297.65625 4311.390625 4327.234375 4339.8125 4303.96875 4263.46875 4233.5 4205.71875 4164.671875 4140.1875 4128.515625 4116.453125 4090.484375 4049.203125 4011 4009 4019.78125 4038.296875 4057.5 4104.359375 4089 4077 4098.4375 4171.265625 4201.609375 4191.984375 4240 4154.421875 4063.046875 3987 3999 4022 4145.859375 4282.578125 4439.359375 4500.265625 4574.953125 4545.140625 4471.171875 4435.109375 4457.75 4503.953125 4515.65625 4490.5625 4514.078125 4544.71875 4623 4656.265625 4645.8125 4677.125 4674.328125 4632.015625 4666.703125 4683.140625
4332.421875 4347.796875 4346.65625 4342.71875 4326.75 4307.21875 4298.640625 4295.640625 4294.734375 4284.703125 4251.296875 4211.140625 4167.453125 4138.90625 4114.84375 4098.15625 4073.09375 4049.921875 4020.953125 3988 3970 3982.109375 4004.609375 4012.4375 4010.75 4013 4039.65625 4058.734375 4073.84375 4084.875 4083.515625 4095.03125 4023.953125 3976 4030 4128.71875 4208 4296.703125 4414.921875 4538.484375 4608.046875 4601.546875 4583.15625 4520.828125 4472.21875 4472.046875 4527.15625 4556.796875 4547.65625 4529.859375 4528.46875 4542.953125 4574.890625 4609.484375 4653.765625 4698.9375 4677.359375 4691.5 4720.578125
4321.5625 4363.140625 4366.390625 4360.53125 4333 4300.671875 4272.578125 4255.546875 4252.671875 4253.578125 4233.296875 4207.78125 4168.921875 4141.34375 4118.953125 4091.796875 4063.015625 4031 4000 4004.59375 3974.59375 3933 3951 3971.1875 3959 3987.15625 4006.140625 4010.5625 4015.453125 4012.34375 3973.75 3930 3939 3986 4122.578125 4259.15625 4354.84375 4466.703125 4540.75 4556.875 4557.265625 4535.09375 4538.921875 4499.671875 4481.03125 4460.828125 4495.453125 4537.53125 4543.75 4528.875 4514.796875 4503.9375 4526.46875 4569.671875 4655.03125 4622.765625 4628.546875 4656.53125 4702.5
4277.671875 4288.140625 4301.359375 4339.6875 4335.5625 4303.484375 4251.671875 4218.109375 4232.78125 4242.078125 4215.984375 4189.96875 4182.609375 4170.90625 4139.265625 4095.15625 4066.890625 4054.328125 4051.109375 4023.21875 3995.6875 3968.1875 3910 3900 3932 3962.890625 3993.890625 3970.78125 3958.015625 3948.046875 3907 3914 3963.71875 4105.6875 4248.3125 4354.71875 4448.703125 4511.296875 4495.125 4472.28125 4491.90625 4470.390625 4455.171875 4414.40625 4419.203125 4427.015625 4451.34375 4458.78125 4480.609375 4494.34375 4490.5 4494.859375 4506.59375 4520.859375 4559.859375 4589.640625 4577.328125 4596.21875 4622.171875
4235.25 4217.140625 4223.734375 4285.640625 4337.03125 4312.34375 4248.65625 4172.09375 4193.9375 4253.078125 4233.453125 4174.578125 4168.921875 4157.953125 4124.515625 4107.90625 4101.015625 4100.296875 4093.625 4065.65625 4054.359375 4023.671875 3962.203125 3876 3883 3925.859375 3973.40625 3924.3125 3886.640625 3885 3896 3931.4375 4011.890625 4104.71875 4216 4313.671875 4394.703125 4443.234375 4409.015625 4368.421875 4384.578125 4356.09375 4361.75 4365.109375 4382.15625 4390.3125 4371 4378 4414 4446.15625 4466.0625 4492.375 4501.71875 4502.59375 4511.296875 4521.390625 4525.828125 4547.734375 4575.265625
