Shullcas_12_2/GIS/DEM.asc
north: 8687906.97790005
south: 8665781.10292
east: 496586.783346
west: 481318.820422
rows: 90
cols: 63
[rows 0 to 26 of 90, columns 0 to 58 of 63]
4578.140625 4571.9375 4524.59375 4456.09375 4372 4335 4430.265625 4512.65625 4584.390625 4659.921875 4698.015625 4708.109375 4711.609375 4733.078125 4733.75 4730.703125 4731.046875 4734.5 4725.4375 4729.125 4736.359375 4674.984375 4641.125 4651.984375 4703.078125 4753.625 4835.90625 4914.078125 4855.671875 4781.078125 4700.71875 4659.71875 4654.21875 4605.1875 4588.984375 4641 4655 4686 4705.140625 4758.265625 4816.6875 4844.640625 4970.296875 5134.1875 5092.96875 4938.78125 4806.09375 4779.234375 4719.34375 4664 4744.09375 4776.015625 4871.15625 5013.5 5113.109375 5036.25 5008 4953 4915
4517.015625 4525.734375 4503.359375 4414.6875 4327 4375 4476.09375 4558 4622.40625 4671.921875 4661.28125 4670.8125 4698.78125 4720.078125 4706.734375 4680.46875 4667.078125 4681.484375 4716.375 4749.21875 4675.625 4603.78125 4606.328125 4666.515625 4706.71875 4747.578125 4823.09375 4881.140625 4823.078125 4775.375 4714.9375 4617.46875 4569.15625 4543 4537 4586.015625 4645.9375 4691.140625 4717.015625 4761.359375 4832.71875 4855.03125 4949.1875 5117.796875 5118.40625 4958.125 4875.40625 4790 4717 4726.890625 4765.234375 4873.015625 4974.578125 5108.53125 5175.59375 5095.21875 5046.90625 5070.984375 5083.3125
4485.796875 4505.546875 4467.921875 4378.125 4307 4396.296875 4501.859375 4576.328125 4632.375 4644.453125 4626.796875 4643.859375 4678.609375 4689.53125 4641.40625 4604.890625 4615.625 4647.390625 4693.640625 4729.96875 4622.703125 4570.78125 4648.15625 4703.703125 4732.0625 4763.90625 4827.375 4886.46875 4819.984375 4775.75 4688.609375 4569.609375 4508 4538 4539 4603 4659.75 4695.359375 4726.703125 4775.6875 4840.109375 4877.859375 4955.796875 5115.234375 5073.15625 4950.71875 4878.265625 4780 4794 4862.09375 4888.34375 5022.703125 5095.5 5213.625 5274.1875 5200.953125 5186.90625 5255.921875 5265.03125
4492.171875 4483.078125 4437.75 4344 4288 4410.15625 4515.8125 4588.078125 4641.8125 4613.375 4591.8125 4629.265625 4645.734375 4600.09375 4553.40625 4586.203125 4631.21875 4674.328125 4725.09375 4694.71875 4568.375 4562.390625 4651.8125 4700.875 4734 4774.25 4822.234375 4837.34375 4771.9375 4728.859375 4621.453125 4514 4514 4535.453125 4618.375 4671.765625 4715.6875 4746.546875 4751.140625 4777.96875 4841.65625 4900.171875 4994.40625 5114.34375 5112.40625 4996.96875 4912.828125 4823 4864.765625 4988.1875 5087.609375 5161.65625 5261.484375 5317.21875 5290.6875 5236.5625 5229.859375 5214.953125 5170
4525.21875 4473.40625 4417.828125 4331 4291 4390.609375 4486.828125 4545 4590.234375 4581.359375 4562.4375 4606.03125 4582.9375 4531.078125 4552.734375 4631.6875 4692.515625 4735.859375 4736.359375 4617.5 4533 4565 4647.328125 4695.546875 4734.234375 4786.515625 4834.859375 4832.515625 4748.359375 4638.828125 4533.375 4514 4537.015625 4617.578125 4735.734375 4792.671875 4812.828125 4856.15625 4808.453125 4791.109375 4862.546875 4913.90625 4986.15625 5057.71875 5147.0625 5097.453125 4974.484375 4892.734375 4953.65625 5034.328125 5188.6875 5306.96875 5262.875 5133.59375 5117.421875 5104.015625 5097.640625 5076.671875 5032.828125
4539.59375 4506 4444.59375 4346.78125 4247 4334.421875 4425.109375 4501.734375 4564.859375 4558.09375 4523.25 4546.171875 4499.390625 4519.859375 4611.6875 4685.359375 4746.328125 4740.25 4635.625 4526 4516 4569.515625 4637.609375 4691.546875 4743.65625 4793.484375 4800.859375 4757.46875 4685.46875 4578.53125 4489.3125 4488 4578.8125 4745.140625 4824.59375 4901.625 4889.5625 4958.421875 4917.53125 4846.09375 4843.09375 4850.625 4899.9375 4965.921875 5078.1875 5160.203125 5095.828125 5065.6875 5038.9375 5057.015625 5161.421875 5225.671875 5078.109375 4958.203125 4903.203125 4884.3125 4850.3125 4848.421875 4891.25
4508.390625 4498.703125 4458.015625 4376.296875 4238 4320.03125 4428.140625 4501.390625 4565.921875 4555.125 4489.1875 4461 4469 4556.8125 4626.046875 4660.0625 4711.59375 4650.9375 4529 4484 4536 4616.84375 4668.46875 4717.390625 4750.59375 4775.1875 4764.25 4725.484375 4639.046875 4520.25 4481 4490 4658.3125 4783.09375 4916.453125 5000.359375 4947.375 4912.828125 4895.515625 4841.46875 4813.640625 4805.65625 4840.34375 4872.0625 4978.890625 5098.734375 5215.109375 5229.84375 5174.171875 5167.625 5193.90625 5098.109375 4898.609375 4815.046875 4721.421875 4678.015625 4721.265625 4686.625 4709.546875
4464.125 4458.25 4439.578125 4388.046875 4269 4299 4429.9375 4514.25 4564.125 4555.375 4452.1875 4420 4506.65625 4569.171875 4596.328125 4634.375 4648.921875 4539.15625 4461 4535.546875 4611.609375 4701.3125 4718.234375 4710.640625 4726.390625 4742.21875 4699.796875 4659.1875 4580.3125 4480 4492 4566.453125 4731.625 4829.6875 4957.21875 5013.484375 4903.5625 4845.234375 4819.640625 4781 4789.28125 4792.75 4799.359375 4826.703125 4887.125 5043.234375 5188.15625 5340.546875 5314.359375 5255.921875 5166.28125 5028.90625 4838.1875 4692 4642 4622 4652.3125 4656.3125 4640.015625
4458.453125 4437.453125 4412.375 4378.46875 4244 4234 4387.578125 4490.078125 4526.6875 4545.53125 4451 4411 4497.125 4515.421875 4552.59375 4602.859375 4553.4375 4450 4516.25 4624.515625 4698.15625 4773.171875 4748.25 4712.8125 4694.53125 4709.4375 4656 4573.921875 4506.46875 4498 4520 4624.765625 4732.625 4817.828125 4908.765625 4994.578125 4911.640625 4818.625 4793.5 4756.328125 4782.28125 4775 4778 4805.828125 4864.15625 4970.65625 5074.640625 5205.6875 5327.03125 5335.09375 5211.46875 5025.828125 4867.765625 4788.71875 4731 4686 4603 4622 4605
4460.53125 4480.4375 4459.34375 4379.984375 4272.75 4202 4324.859375 4432 4473.09375 4514.203125 4458.09375 4352 4444.90625 4488.359375 4558.71875 4527.40625 4426 4438 4585.640625 4696.375 4751.859375 4805.5 4766.34375 4717.515625 4677.4375 4665.921875 4641.171875 4529.09375 4469 4492 4551.8125 4687.484375 4812.265625 4841.578125 4857.546875 4891.71875 4924.328125 4855.734375 4769.921875 4716 4772 4768 4773.9375 4842.5625 4849.015625 4829.515625 4939.671875 5107.578125 5241.546875 5266 5249.8125 5143.171875 4965.96875 4860.328125 4802.953125 4717.9375 4638.84375 4603 4564
4445.46875 4489.78125 4495.28125 4408.796875 4309.03125 4186 4264 4311.65625 4368.078125 4393.640625 4344 4332 4437.53125 4517.46875 4560.65625 4480.484375 4409 4502.671875 4652.6875 4750.90625 4770.5625 4805.09375 4784.8125 4736.03125 4679.5 4647.453125 4595.46875 4497.53125 4457 4490.90625 4597.25 4726.109375 4781.828125 4756.46875 4795.328125 4845.78125 4907.984375 4878.03125 4788.5 4690 4734 4738.421875 4752.8125 4819.9375 4782.84375 4758.9375 4860.296875 5046.0625 5092.921875 5116.96875 5150.78125 5172.328125 5041.125 4929.578125 4870.390625 4814.296875 4742.703125 4656.453125 4573
4379 4429.09375 4436 4380.515625 4323.59375 4179 4170 4194 4237 4253 4335 4325 4350 4432.703125 4449.59375 4382 4447.625 4576.34375 4663.453125 4674.28125 4719.703125 4788.703125 4803.125 4752.75 4686.546875 4654.03125 4575.109375 4479.5625 4456 4508.390625 4635.375 4684.171875 4688.3125 4700.96875 4763.140625 4838.234375 4870.265625 4814.765625 4766.140625 4668 4653 4675.96875 4714.4375 4750.046875 4744.34375 4702 4822.921875 4930.515625 4962.28125 4994.671875 5112.734375 5236.1875 5086.34375 4967.90625 4908.390625 4847.9375 4813.953125 4751.546875 4697.6875
4242.75 4274.515625 4238.578125 4203.90625 4184.078125 4201 4208 4263.21875 4285.5 4269 4259 4261 4318.375 4301 4330 4392 4533.46875 4639.265625 4641.125 4647.109375 4693.578125 4703.484375 4750.8125 4729.21875 4673.625 4636.046875 4564.234375 4463 4444 4533.984375 4587.828125 4619.515625 4650.4375 4703.296875 4765.71875 4845.546875 4888.734375 4805.125 4732.765625 4630 4604 4624.0625 4688.921875 4678.171875 4703.296875 4679 4726.203125 4780.484375 4813 4899.75 5089.796875 5187.28125 5148 5111.4375 5026.609375 4956.21875 4885.34375 4838.109375 4815.84375
4113 4100 4075 4089 4103 4122 4208.453125 4300.484375 4291.109375 4213 4222 4290.28125 4368.03125 4414.0625 4424.9375 4453.1875 4521.046875 4574.109375 4584.03125 4644.28125 4639.984375 4665.59375 4737.046875 4708.9375 4621.625 4602.28125 4530.859375 4447 4457 4527.078125 4585.171875 4649.1875 4718.375 4772.21875 4815.578125 4904.375 4867.609375 4803.421875 4738.21875 4625.359375 4569 4568.734375 4614.1875 4622 4651 4727 4690.1875 4651 4756 4898.5 5093.03125 5191.0625 5280.25 5262.921875 5219.03125 5146.453125 4997.578125 4942.8125 4943.828125
4138.421875 4109 4132.828125 4176.765625 4227.015625 4223.09375 4144 4252 4230 4197 4228 4281.265625 4322.5 4355.109375 4350.734375 4365.703125 4428.390625 4496.328125 4583.265625 4622.5 4594.609375 4673.90625 4693.546875 4654.90625 4584.765625 4540.765625 4473.765625 4445 4450 4547.578125 4610.359375 4661.40625 4708.90625 4755.1875 4799.5625 4858.109375 4811.328125 4752.53125 4693.15625 4598.96875 4552.921875 4533 4547 4572 4648.6875 4639 4644 4656 4689 4875.375 5088.828125 5240.9375 5366.984375 5373.25 5323.328125 5231.671875 5110.59375 5039.734375 5021.875
4268.515625 4247.65625 4240.03125 4239.984375 4265.390625 4299.09375 4253 4216 4234 4266.375 4250 4220 4229 4276.609375 4298.5625 4359.203125 4436.65625 4505.765625 4540.3125 4520.765625 4561.78125 4647.546875 4639.78125 4570.359375 4493.734375 4449.84375 4431 4435 4508.765625 4600.21875 4620.375 4659.703125 4698.578125 4723.265625 4762.046875 4763.96875 4744.09375 4716.9375 4638.34375 4567.21875 4537 4521 4547.984375 4575.75 4631.78125 4654 4667.71875 4691.46875 4755.21875 4958.140625 5136.078125 5270.9375 5376.65625 5418.4375 5311.765625 5241.171875 5147.703125 5030.96875 5004.875
4413.578125 4382.359375 4365.78125 4345.96875 4340 4345.296875 4351.328125 4338.859375 4325.953125 4366.640625 4375.890625 4370.40625 4333.296875 4273 4256 4316.859375 4383.3125 4430.84375 4425.953125 4464.265625 4546.71875 4589.859375 4557.8125 4478.203125 4415 4405 4428 4492.171875 4593.640625 4684.78125 4671.890625 4673.9375 4709.125 4742.515625 4763.125 4728.375 4677.421875 4645.9375 4571.34375 4513.765625 4515.859375 4510 4540 4561 4598 4654.4375 4718.875 4815.375 4959.859375 5096.390625 5199.171875 5304.609375 5386.609375 5427.640625 5295.421875 5250.3125 5096.296875 4957 4950.140625
4471.84375 4479.328125 4473.25 4454.484375 4441.359375 4425.640625 4438.875 4436.34375 4414.234375 4441.09375 4456.953125 4476.21875 4467.109375 4428.375 4356.65625 4269 4327 4354.40625 4397.46875 4452.046875 4498.796875 4489.078125 4459.078125 4408 4406 4446 4516.8125 4580.28125 4690.03125 4760.375 4740.96875 4697.09375 4705.453125 4730.3125 4715.375 4684.75 4624.28125 4567.453125 4517.984375 4479 4507 4511 4548.484375 4642.390625 4745.109375 4765.765625 4836.625 4966.640625 5147.984375 5266.078125 5307.484375 5375.453125 5453.9375 5456.65625 5358.40625 5224.984375 5064.65625 4908 4900
4456.6875 4499.125 4508.703125 4520.828125 4518.515625 4490.59375 4499.8125 4501.546875 4479.109375 4503.0625 4491.640625 4545.671875 4576.671875 4526.53125 4476.578125 4399.890625 4327 4302 4346 4378.71875 4396.3125 4402 4388 4386 4431.125 4509.484375 4596.140625 4646.28125 4694.1875 4779.265625 4786.3125 4718.5 4672.890625 4700.28125 4663.828125 4626.921875 4556.390625 4504.046875 4458 4477 4474 4516.75 4611.875 4749.34375 4850.75 4832.5625 4929.609375 5049.046875 5204.59375 5319.921875 5309.390625 5311.421875 5299.90625 5369.296875 5416.296875 5241.9375 5087.75 4985.734375 4888.234375
4443.046875 4461.6875 4472.125 4509.953125 4526.609375 4536.6875 4554.234375 4569.96875 4542.234375 4535.078125 4522.578125 4546.203125 4604.25 4603.15625 4580.671875 4525.515625 4495.71875 4446.40625 4401 4351 4367 4387.625 4398 4444 4490.3125 4546.96875 4613.609375 4665.390625 4713.625 4772.328125 4799.28125 4742.171875 4655.34375 4654.609375 4609.9375 4545.5625 4496.84375 4470.625 4456 4463 4506.21875 4557.515625 4657.125 4753.703125 4822.421875 4863.75 4981.890625 5104.09375 5150.1875 5209.53125 5163.640625 5176.125 5200.78125 5242.3125 5322.5 5278.15625 5113.046875 5046.484375 4979.171875
4432.171875 4434.15625 4451.234375 4481.53125 4494.328125 4530.015625 4557.0625 4603.296875 4596.328125 4574.9375 4560.46875 4577.40625 4622.703125 4642.5625 4600.28125 4596.609375 4618.578125 4593.46875 4553.8125 4505.765625 4457.5625 4473.140625 4482.40625 4490.546875 4492.03125 4557.96875 4609.046875 4640.609375 4684.578125 4754.375 4746.421875 4721.03125 4653.890625 4575.640625 4541.4375 4491.953125 4461.609375 4456 4458 4510.359375 4584.140625 4644.9375 4654.578125 4732.9375 4787.796875 4835.921875 4959.078125 5034.390625 5032.46875 5055.34375 4975 5030.171875 5110.265625 5160.4375 5208.9375 5304.9375 5255.078125 5167.5625 5103.921875
4409.359375 4399.609375 4396.328125 4434.96875 4477.90625 4489.203125 4500 4547.796875 4553.421875 4557.234375 4537.578125 4552 4581.234375 4626.65625 4624.046875 4629.109375 4651.46875 4673.125 4674.5625 4621.453125 4535.34375 4561.03125 4569.3125 4551.359375 4523.59375 4534.28125 4594.609375 4663.640625 4717.609375 4757.421875 4711.546875 4640.328125 4615.6875 4537.421875 4482.9375 4450.6875 4446 4467.171875 4493.984375 4553.984375 4662.75 4694.9375 4714.140625 4739.421875 4785.484375 4829.015625 4928.5 4955.875 4899.5625 4881.546875 4775 4876.140625 5007.078125 5101.953125 5195.53125 5332.828125 5418.25 5366.078125 5304.625
4377.03125 4363.40625 4375.578125 4418.296875 4448.765625 4461.6875 4491.859375 4520.640625 4527.984375 4525.96875 4508.65625 4529.59375 4576.53125 4592.796875 4582.28125 4593.5 4600.34375 4629.09375 4674.078125 4675.703125 4566.59375 4641.109375 4663.859375 4630.6875 4575.078125 4566.203125 4590.375 4641.234375 4677.828125 4730.4375 4716.625 4636.046875 4537.671875 4476.8125 4440.453125 4431 4464.25 4506.484375 4549.984375 4606.4375 4671.453125 4688.6875 4720.0625 4746.03125 4783.859375 4825.140625 4885.546875 4881.640625 4825.34375 4740 4651 4748.875 4923.65625 5070.203125 5186.375 5368.15625 5399.28125 5374.390625 5369.4375
4348 4335 4357.625 4388.140625 4426.421875 4458.65625 4488.265625 4492.515625 4507.9375 4505.015625 4490.375 4523.859375 4572.6875 4563.453125 4545.484375 4571.046875 4582.6875 4589.953125 4643.21875 4683.46875 4599.25 4635.359375 4706.890625 4706.140625 4659.171875 4641.875 4625.0625 4657.984375 4688 4679.296875 4656.5625 4593.453125 4519.25 4443.53125 4417 4434 4551.125 4622.15625 4639.28125 4677.328125 4680.84375 4688.78125 4716.25 4720.609375 4751.796875 4804.515625 4823.15625 4785.734375 4720.1875 4671 4684 4677 4863.65625 5010.453125 5169.234375 5298.59375 5280.078125 5258.953125 5235.234375
4307 4349.28125 4394.078125 4421.0625 4450.5 4484.015625 4492.78125 4478.703125 4475.84375 4475.953125 4484.421875 4521.03125 4553.03125 4530.109375 4519.78125 4546.734375 4565.828125 4590.296875 4623.640625 4684.015625 4648.59375 4654.75 4713.046875 4752.34375 4733.296875 4699.25 4669.0625 4701.328125 4730.015625 4692.328125 4612.828125 4553.703125 4510.984375 4425 4393 4471.625 4595.421875 4724.75 4687.859375 4681.484375 4695 4718.734375 4729.625 4685.4375 4679.359375 4766.984375 4809.578125 4726.09375 4654 4703 4689.015625 4765.375 4856.53125 4968.65625 5136.9375 5194.625 5193.09375 5176.75 5136.75
4320.703125 4367.6875 4445.375 4490.25 4502.5 4541.59375 4527.640625 4475.09375 4461.265625 4463.453125 4474.609375 4512.5625 4524.703125 4496.453125 4498.65625 4529.375 4551.765625 4577.765625 4614.15625 4653.578125 4666.453125 4686.78125 4687.78125 4712.734375 4763.640625 4760.53125 4718.671875 4698.3125 4677.125 4650.5 4595.484375 4553.171875 4517.171875 4453.34375 4375 4485 4589.46875 4717.6875 4711.359375 4656.9375 4682.96875 4697.921875 4678.59375 4636.234375 4628.828125 4690.296875 4715.90625 4656.734375 4638.5 4647 4675.390625 4775.4375 4908.28125 5034.875 5133.84375 5081.6875 5096 5082.1875 5024.46875
4337.421875 4409.984375 4474.296875 4483.859375 4525.484375 4551.984375 4522.453125 4466.859375 4448.59375 4451.328125 4458.78125 4474.21875 4480.859375 4465 4497.453125 4527.890625 4559.4375 4585.71875 4625.484375 4679.53125 4680.140625 4634.9375 4631.09375 4642.9375 4698.859375 4752.828125 4734.734375 4697.375 4651.9375 4617.3125 4589.171875 4555.203125 4523.25 4470.53125 4364 4463 4559.921875 4692.84375 4694.890625 4632.171875 4657.078125 4646.921875 4587.125 4582.203125 4585.203125 4602.78125 4620.828125 4574.609375 4588.59375 4597 4657 4813.109375 4950.671875 5093.984375 5110.375 4988.9375 4988.65625 4975.578125 4917.875
