Shullcas_12_2/GIS/DEM.asc
north: 8687906.97790005
south: 8665781.10292
east: 496586.783346
west: 481318.820422
rows: 90
cols: 63
[rows 54 to 80 of 90, columns 0 to 58 of 63]
4183.875 4141.4375 4148.578125 4241.375 4291.34375 4316.625 4246.53125 4140.515625 4108.265625 4186.75 4242.015625 4162.53125 4182.71875 4186.03125 4172.46875 4164.5625 4159.46875 4156.484375 4167.625 4132.6875 4142.734375 4092.15625 3993.828125 3922.546875 3855 3923 3917.8125 3857.3125 3854 3879 3931 3910 3949 4040 4116.515625 4195.84375 4287.09375 4310.34375 4289.671875 4247 4270 4285.3125 4295 4311 4326 4339 4363 4403 4405 4397 4420 4449 4466 4473.59375 4485.03125 4491.15625 4510.9375 4522.515625 4540.921875
4070.046875 4045.4375 4096.765625 4154.578125 4204.34375 4254.890625 4217.015625 4101.65625 4021.1875 4091.234375 4172.59375 4116.734375 4177.125 4230.421875 4225.40625 4238.109375 4246.53125 4250.609375 4243.828125 4214.0625 4232.265625 4187.71875 4094.171875 4011.359375 3835 3857 3836 3855 3892 3879 3884 3970 3984.6875 3964 3997 4064.53125 4129.265625 4124 4132 4184 4242 4258 4274 4304 4326.03125 4351.609375 4427.140625 4513.484375 4572.78125 4560.625 4512.828125 4474 4462 4469 4485.4375 4488.109375 4513.328125 4523.015625 4541.265625
3968.125 3953.9375 4026.625 4046.15625 4141.625 4214.3125 4158 4086.9375 3947 4005 4097.6875 4074.90625 4133.78125 4241.34375 4262.15625 4299.34375 4319.375 4323.90625 4311.390625 4295.71875 4262.921875 4218.5625 4112.484375 3983.890625 3820 3827 3934.34375 4015.515625 4001.859375 3967.71875 3968.625 3924 3911 4000.71875 4043.046875 4030 4052 4098 4190.53125 4259.734375 4245.6875 4281.515625 4320.9375 4348.9375 4371.8125 4418.796875 4498.125 4559.546875 4606.359375 4646.546875 4654.203125 4623.3125 4589.84375 4570.78125 4546.296875 4556.90625 4574.75 4584.046875 4587.734375
3907.921875 3848.25 3897.8125 3951.90625 4063.734375 4088.265625 4002.828125 3945.6875 3880 3874 3962.453125 3974.171875 4041.5 4107.71875 4140.8125 4207.46875 4281.359375 4328.921875 4312.71875 4238.25 4154.1875 4099.15625 4051.140625 3877 3799 3886.34375 4034.578125 4119.390625 4078.625 4029.453125 4103.484375 4091.390625 3996 3976 4091.546875 4105.09375 4110.203125 4109 4138 4191 4232.796875 4287.75 4340.0625 4394.40625 4439.921875 4482.34375 4525.09375 4569.9375 4573.5 4599.453125 4635.90625 4684.609375 4700.4375 4681.671875 4660.203125 4664.90625 4689.25 4691.09375 4639.875
3864.421875 3753.703125 3773.75 3834.6875 3890.390625 3860.203125 3841.0625 3819.578125 3781.078125 3756 3789.25 3835.546875 3894.53125 3929.65625 3971.6875 4067.515625 4168.171875 4249.25 4246.703125 4136.546875 4056.03125 3977.265625 3918.3125 3864.125 3805 3949.484375 4076.609375 4193.953125 4182.703125 4141.734375 4136.859375 4166.5 4064.109375 3959 4074 4124.78125 4165.71875 4172.203125 4176.734375 4194 4229.125 4294.875 4371.703125 4420.21875 4444.859375 4465.390625 4483.46875 4493.375 4501.734375 4538.75 4603.40625 4647.796875 4659.1875 4664.578125 4690.921875 4684.125 4681 4674.59375 4632.65625
3769.984375 3675.328125 3655.46875 3701.984375 3713.390625 3674.828125 3688.90625 3693.65625 3678.375 3634 3625 3675 3743.296875 3817.828125 3862.703125 3921.140625 4020.828125 4110.296875 4151.625 4061.578125 3980.703125 3911.078125 3781 3764 3885.46875 4055.34375 4150.640625 4251.1875 4284.609375 4258.546875 4214.765625 4241.453125 4179.578125 4067.0625 3990 4063 4134.578125 4198.609375 4227.46875 4247.40625 4261.34375 4303.453125 4356.21875 4406.9375 4430.640625 4434.640625 4473.78125 4497.546875 4512.609375 4520.5625 4578.40625 4610.609375 4606.59375 4623.671875 4652.109375 4646.265625 4599.703125 4618.21875 4606.203125
3691.8125 3602.59375 3590.609375 3560 3530 3531 3585 3570 3563 3576 3619 3620 3640 3714.15625 3750.046875 3803.40625 3886.796875 3980.203125 4034.828125 3938.40625 3879.5625 3823.46875 3779 3859.296875 3999 4139.53125 4253.078125 4326.328125 4365.4375 4345.65625 4328.34375 4332.59375 4265.265625 4175.140625 4073 4012 4066.78125 4126.859375 4176.453125 4212.328125 4251.734375 4317.796875 4399.296875 4494.765625 4554.28125 4563.828125 4562.875 4554.515625 4560.0625 4581.140625 4575.5 4552.546875 4577.359375 4585.53125 4622.375 4633.421875 4593.984375 4574.640625 4558.96875
3600.546875 3527.875 3506 3515 3581 3624 3623.5625 3609.15625 3635.28125 3684.109375 3770.78125 3787.5625 3640 3632 3634 3726 3792.28125 3902.8125 3901.765625 3803.75 3767 3738 3815 3946.109375 4053.28125 4191.328125 4302.859375 4372.515625 4424.0625 4419.65625 4386.59375 4345.296875 4299.078125 4182.703125 4066 4032 4047 4074 4109 4189 4281.390625 4366.546875 4428.28125 4491.09375 4545.203125 4580.171875 4604.8125 4615.65625 4606.734375 4592.109375 4544.125 4533.90625 4541.21875 4535 4589.984375 4616.84375 4582.625 4558.03125 4536.4375
3477 3497 3542 3654.125 3694.671875 3626 3738.125 3758.015625 3732.21875 3795.140625 3880.71875 3916 3879.703125 3854.609375 3776.046875 3649 3730 3797.4375 3780 3718 3760 3828.1875 3873.609375 3936.90625 4075.890625 4205 4307.75 4393.640625 4439.5625 4417.15625 4367.59375 4312.296875 4256.21875 4173.375 4084 4073 4073.234375 4080 4102 4166 4251.078125 4350.0625 4431.90625 4496.40625 4515.640625 4517.328125 4536.125 4552.265625 4541.453125 4524.5625 4501.09375 4497.703125 4498.796875 4526.671875 4561.59375 4611.875 4582.640625 4553.0625 4533.484375
3494 3595.34375 3673.625 3758.3125 3787.015625 3646 3746 3825.1875 3876.59375 3944.03125 4008.265625 4021.75 3998.71875 3970.109375 3915.953125 3795.578125 3680 3677 3685 3798.46875 3843 3911 3969.171875 3989.390625 4098.6875 4210.0625 4356.3125 4418.28125 4466.328125 4440.515625 4393.25 4357.34375 4293.8125 4218.3125 4115 4136.859375 4112.765625 4127.78125 4143 4127 4162 4259.140625 4364.921875 4437.28125 4460.71875 4461.0625 4472.421875 4468.625 4446.171875 4436.640625 4441.484375 4467.4375 4472.625 4518.953125 4578.40625 4633.859375 4606.484375 4578.5 4539.203125
3620.453125 3660.640625 3721.765625 3791.15625 3826.953125 3781.515625 3702 3788.921875 3900.046875 4014.3125 4079.8125 4085.125 4072.5625 4079.984375 4035.21875 3943.15625 3890.40625 3826 3861.65625 3945.671875 4008 4004 4107.78125 4127.765625 4209.015625 4300.65625 4418.65625 4475.859375 4476.109375 4422.484375 4375.65625 4335.515625 4283.71875 4221.953125 4155 4177 4162.765625 4176.40625 4204 4199 4154 4201.375 4287.8125 4339.0625 4383.21875 4375.515625 4374.796875 4378 4385 4399 4439.453125 4467.046875 4495.265625 4531.25 4575.875 4601.265625 4631.515625 4606.6875 4559
3723.421875 3742.859375 3765.328125 3798.953125 3844.078125 3848.9375 3802 3788 3867.296875 3970.359375 4083.84375 4157.0625 4146.484375 4145.265625 4133.984375 4110.40625 4054.171875 3941 3997.96875 4080.375 4052.96875 4023 4120 4118 4221.875 4324.453125 4403.515625 4458.921875 4459.828125 4387.421875 4320.890625 4290.90625 4259 4218 4207.3125 4198 4195.015625 4206.578125 4214.515625 4200 4298.65625 4211 4242 4276 4304.828125 4326.90625 4342 4377 4435.40625 4469.78125 4493.703125 4505.3125 4528.890625 4540.78125 4523.3125 4540.015625 4588.09375 4570.796875 4534.1875
3781.3125 3818 3826.203125 3867.4375 3895.453125 3912.171875 3905.578125 3818 3873.96875 3954.203125 4060.203125 4151.65625 4227.46875 4261.515625 4231.078125 4202.9375 4165.65625 4047 4132.484375 4199.15625 4125.203125 4040 4127 4214 4161 4247 4329.15625 4423.53125 4444.84375 4378.796875 4325.390625 4296.765625 4256 4254 4259.15625 4220 4223.390625 4237.46875 4249.953125 4199 4281.40625 4362.71875 4319.359375 4252 4300 4329 4369.984375 4422.578125 4490.46875 4543.046875 4576.875 4589.453125 4547.703125 4488.984375 4493.203125 4521.453125 4568.125 4535.046875 4491.1875
3792.96875 3837.59375 3863.796875 3912.984375 3975.921875 4011.625 3995.015625 3911.59375 3850 3946.5625 4038.90625 4138.65625 4237.84375 4310.984375 4319.140625 4278.484375 4254.3125 4203.015625 4194.46875 4285.3125 4253.0625 4221.03125 4265.109375 4333.171875 4334.171875 4292 4256 4380.4375 4405.875 4362.796875 4341.671875 4310.609375 4278 4287.53125 4272.890625 4254.453125 4291.140625 4329.515625 4320.046875 4294.234375 4252 4340 4439.71875 4412.390625 4445.078125 4387.984375 4387.09375 4412.46875 4444.984375 4495.234375 4562.296875 4604.71875 4547.46875 4474.328125 4460.9375 4503.609375 4555.75 4577.6875 4481.015625
3752.90625 3842.421875 3890.390625 3951.5 4019.09375 4085.171875 4086.515625 3998.34375 3977.875 3915 4021 4147.375 4247.21875 4304.546875 4335.578125 4324.3125 4286.5625 4286.046875 4233.953125 4318.375 4371.109375 4375.515625 4405.796875 4452.34375 4456.5625 4404.515625 4290 4385 4388.84375 4358.828125 4343.46875 4327 4318.46875 4309.546875 4285.296875 4297.421875 4364.203125 4419.890625 4408.03125 4352.359375 4308 4320 4425.90625 4481.75 4503.4375 4516.390625 4466.84375 4438.609375 4441.421875 4477.203125 4521.453125 4553.953125 4539.71875 4458.875 4460.671875 4498.140625 4530.421875 4586.953125 4513.875
3694 3807 3901.828125 3976.53125 4049.390625 4123.15625 4145.234375 4089.71875 4088.140625 3999 3953 4077.96875 4175.96875 4225.578125 4289.734375 4309.921875 4295.578125 4281.796875 4279.84375 4309.203125 4399.46875 4459.546875 4481.8125 4498.84375 4474.703125 4396 4359 4412.703125 4400 4372.4375 4343.234375 4322 4335 4328.421875 4316.921875 4356.09375 4418.71875 4473.015625 4472.484375 4404.75 4360.453125 4292 4345 4384.421875 4441.0625 4488 4533.59375 4560.171875 4506.078125 4450.375 4425.84375 4470.421875 4494.375 4428.71875 4439.8125 4468.234375 4496.75 4565.25 4544.5
3749.71875 3766 3847 3956.578125 4036.234375 4106.96875 4156.765625 4185.625 4198.4375 4126.484375 4051 3998 4087.15625 4172.578125 4222.34375 4279.546875 4338.375 4364.53125 4363.21875 4318.875 4382.125 4429.78125 4453.640625 4471.421875 4459.890625 4390 4419.5 4443.46875 4407.9375 4389.3125 4375.78125 4371 4364 4338.09375 4363.609375 4404.140625 4470.671875 4510.546875 4490.53125 4440.890625 4418.828125 4357 4352.078125 4381.546875 4409.421875 4450.546875 4490.6875 4564.609375 4531.3125 4459 4415.75 4397.8125 4417.40625 4389.84375 4384.640625 4427.9375 4468.734375 4534.9375 4560.140625
3767.71875 3807.390625 3836 3868 3979 4049.75 4096.265625 4145.140625 4198.609375 4226.03125 4194.265625 4118.859375 4051 4161.546875 4246.53125 4316.75 4381.71875 4431.875 4431.734375 4382.875 4374.75 4380.796875 4436.8125 4468.25 4436 4415 4459.625 4466.484375 4433.484375 4413.25 4413.71875 4396 4398 4379.671875 4403.5 4455.546875 4502.015625 4514.0625 4484 4460.09375 4453.015625 4379 4440.328125 4402.09375 4440.984375 4516.46875 4534.15625 4541.296875 4521.453125 4471.703125 4423.703125 4403.75 4385.734375 4347.953125 4317 4378.875 4441.765625 4491.265625 4509.265625
3779.578125 3810.453125 3851.84375 3908.515625 3969 4009 4030 4094.3125 4162.875 4226.515625 4259.390625 4230.484375 4094 4106 4193.671875 4279.53125 4346.890625 4394.6875 4461.984375 4437.1875 4422.765625 4413.71875 4443.828125 4469.5625 4438.15625 4392 4443 4476.71875 4455.96875 4440.234375 4442 4419 4437.109375 4431.015625 4446.390625 4484.515625 4530.109375 4542.40625 4512.703125 4484.140625 4455 4402 4486.203125 4470.953125 4474.59375 4584.15625 4593.28125 4570.859375 4550.171875 4515.578125 4462.421875 4401.25 4384.265625 4366.53125 4300 4342 4393.578125 4427.640625 4423.375
3801.296875 3833.703125 3907.84375 3984.390625 4038.1875 4083.28125 4092.40625 4083.578125 4130.984375 4199.96875 4262.96875 4301.640625 4247.5625 4125 4137 4223.046875 4310.21875 4365.375 4412.90625 4410.140625 4412.1875 4427.375 4450.078125 4468.515625 4451.375 4416 4417 4445 4460.6875 4481.875 4442 4436 4456.625 4467.453125 4491.40625 4505.984375 4541.625 4579.5625 4567.953125 4559.9375 4442 4434 4502.75 4531.59375 4507.671875 4539.8125 4619.921875 4600.609375 4564.3125 4547.921875 4506.59375 4454.75 4382.109375 4355.140625 4293 4270 4331.84375 4402.1875 4355.28125
3835.796875 3884.890625 3929.109375 4051.75 4150.625 4188.21875 4180.1875 4149.65625 4144.640625 4200.53125 4257.53125 4303.640625 4323.546875 4273.890625 4180 4170 4252.4375 4326.5 4374.5625 4392.296875 4403.109375 4418.984375 4443.8125 4476.78125 4466.0625 4441.671875 4428 4438 4458.953125 4468.171875 4430 4441.53125 4457.65625 4492.8125 4518.390625 4523.75 4548.796875 4591 4615.984375 4562.140625 4450 4458.359375 4505.75 4585.265625 4571.09375 4551.75 4643.484375 4626.421875 4599.515625 4589.03125 4554.515625 4540.4375 4468.390625 4370.671875 4302 4249 4272 4370.671875 4288.640625
3822.328125 3914.0625 3981.609375 4057.3125 4170.859375 4250.671875 4277.796875 4235.015625 4206.25 4201.421875 4253.75 4298.84375 4339.5 4312.6875 4235.796875 4202.40625 4292.15625 4385.34375 4407.640625 4425.3125 4446.390625 4439.046875 4444.046875 4472.171875 4485.796875 4453 4438.984375 4427 4450.28125 4463.4375 4459 4455 4464.375 4486.859375 4507.59375 4537.734375 4561.953125 4608.703125 4602.09375 4516.28125 4452.75 4484.703125 4516.03125 4566.484375 4577.34375 4590.828125 4629.953125 4605.421875 4598.484375 4636.921875 4610.4375 4572.796875 4505.390625 4424.578125 4362.140625 4263.1875 4208 4259.328125 4204
3829.703125 3903.5625 3998.203125 4070.578125 4157.421875 4224.4375 4273.890625 4295.875 4287.046875 4243.125 4254.0625 4309.28125 4343.5 4343.71875 4305.09375 4266.078125 4283.3125 4365.59375 4415.34375 4444.875 4488.09375 4498.8125 4477.515625 4473.90625 4484.65625 4466.171875 4447 4446 4453.328125 4462.46875 4460.28125 4442 4472.328125 4494.328125 4498.09375 4558.796875 4582 4608.09375 4557.34375 4523.578125 4500.5625 4539.609375 4563.71875 4564.296875 4523.390625 4525.359375 4589.078125 4529.625 4525.671875 4554.875 4600.5625 4556.21875 4523.578125 4526.734375 4474.28125 4352.75 4253.53125 4176 4169
3837.609375 3906.65625 3979.84375 4066.484375 4128.765625 4184.84375 4258.0625 4306.375 4330.75 4296.015625 4269.40625 4298.625 4337.140625 4375.453125 4380.3125 4359.765625 4333.53125 4339.6875 4399.875 4439.203125 4486.265625 4529.390625 4543.40625 4534.609375 4504.71875 4470.484375 4452.046875 4451.5625 4456.4375 4463.453125 4443 4460 4476.59375 4487.09375 4506.875 4567.515625 4601.640625 4569.703125 4542.609375 4516.46875 4526.65625 4561.140625 4591.734375 4546.125 4505.03125 4490.09375 4474.625 4467.265625 4459.234375 4451.9375 4489.109375 4557.25 4537.09375 4492.25 4490.1875 4461.0625 4346.71875 4231.8125 4142
3803.40625 3868.796875 3944.71875 4024.234375 4094.578125 4159 4243.28125 4306.3125 4301.5625 4282.296875 4283.671875 4294.625 4326.4375 4327.09375 4343.0625 4382.1875 4397.671875 4380.921875 4386.40625 4416.59375 4458.640625 4515.984375 4541.734375 4538.4375 4522.09375 4486.640625 4463.34375 4455.984375 4456.515625 4465.65625 4466.34375 4450 4472 4477.09375 4495.828125 4571.421875 4613.15625 4557.71875 4536.84375 4525.609375 4551.5 4604.078125 4609.296875 4584.21875 4541.0625 4490.859375 4450.96875 4441.328125 4430.21875 4404.671875 4442.1875 4489.265625 4490.9375 4430.28125 4412.359375 4430.453125 4438.234375 4307.515625 4165.3125
3834.421875 3884.328125 3953.859375 4015.125 4107.53125 4187.984375 4242.78125 4248.3125 4233.4375 4206.578125 4241.09375 4256.734375 4272.9375 4292.5625 4313.28125 4346.921875 4381.4375 4387.265625 4414.3125 4443.78125 4473.984375 4504.46875 4522.734375 4530.5 4543 4530.765625 4492.046875 4466.828125 4453.984375 4467.59375 4468 4466.125 4476.984375 4461.578125 4489.40625 4528.5625 4615.546875 4563.1875 4552.1875 4560.421875 4601.65625 4646.390625 4638.015625 4641.109375 4582.484375 4508.453125 4441.75 4423.75 4411.578125 4364.984375 4393.984375 4441.40625 4443.078125 4401.15625 4372.953125 4343.984375 4375.0625 4343.9375 4173.71875
3881.171875 3943.71875 4023.53125 4079.78125 4136.71875 4195.1875 4204.59375 4168.671875 4143.796875 4128 4192 4222 4221 4251.328125 4289.171875 4320.78125 4361.765625 4382.46875 4397.828125 4429.828125 4463.28125 4473.40625 4471.765625 4525.484375 4561.828125 4591.6875 4552.765625 4484.859375 4455.890625 4463.328125 4467.625 4478.859375 4469.75 4462.8125 4482.71875 4521.734375 4616.5625 4589.890625 4576.015625 4604.203125 4626.765625 4595.78125 4571.890625 4607.90625 4587.875 4531.6875 4476.65625 4423.390625 4385.859375 4326.109375 4329.453125 4414.765625 4448.046875 4424.015625 4358.28125 4303.03125 4272.28125 4271.296875 4129
